[
    81.5,
    81.5,
    81.5,
    85,
    85,
    85,
    85,
    85,
    85,
    85,
    85,
    85,
    152.5,
    152.5,
    152.5,
    152.5,
    152.5,
    152.5,
    152.5,
    152.5,
    152.5,
    152.5,
    152.5,
    152.5,
    152.5,
    152.5,
    152.5,
    152.5,
    152.5,
    152.5,
    152.5,
    152.5,
    152.5,
    152.5,
    152.5,
    152.5,
    152.5,
    152.5,
    152.5,
    152.5,
    152.5,
    152.5,
    152.5,
    152.5,
    152.5,
    152.5,
    152.5,
    152.5,
    152.5,
    152.5,
    152.5,
    152.5,
    152.5,
    152.5,
    152.5,
    152.5,
    152.5,
    152.5,
    152.5,
    152.5,
    152.5,
    152.5,
    152.5,
    152.5,
    152.5,
    152.5,
    152.5,
    152.5,
    152.5,
    175,
    175,
    175,
    175,
    175,
    175,
    175,
    175,
    175,
    175,
    175,
    175,
    175,
    175,
    175,
    175,
    175,
    175,
    175,
    175,
    175,
    175,
    175,
    175,
    175,
    175,
    175,
    175,
    175,
    175,
    175,
    175,
    175,
    175,
    175,
    175,
    175,
    175,
    175,
    175,
    175,
    175,
    175,
    175,
    175,
    175,
    175,
    175,
    175,
    175,
    175,
    175,
    175,
    175,
    175,
    175,
    175,
    175,
    175,
    175,
    175,
    175,
    175,
    175,
    175,
    175,
    175,
    175,
    175,
    175,
    175,
    175,
    175,
    175,
    175,
    175,
    175,
    175,
    175,
    175,
    175,
    175,
    175,
    175,
    175,
    175,
    175,
    175,
    175,
    175,
    175,
    175,
    175,
    175,
    175,
    175,
    175,
    175,
    175,
    175,
    175,
    175,
    175,
    175,
    175,
    175,
    175,
    175,
    175,
    175,
    175,
    175,
    175,
    175,
    175,
    175,
    175,
    175,
    175,
    175,
    175,
    175,
    175,
    175,
    175,
    175,
    175,
    175,
    175,
    175,
    175,
    175,
    175,
    175,
    175,
    175,
    175,
    175,
    175,
    175,
    175,
    175,
    175,
    175,
    175,
    175,
    175,
    175,
    175,
    175,
    175,
    175,
    175,
    175,
    175,
    175,
    175,
    175,
    175,
    175,
    175,
    175,
    175,
    175,
    175,
    175,
    175,
    175,
    175,
    175,
    175,
    175,
    175,
    175,
    175,
    175,
    175,
    175,
    175,
    175,
    175,
    175,
    175,
    175,
    175,
    175,
    175,
    175,
    175,
    175,
    175,
    175,
    175,
    175,
    175,
    175,
    175,
    175,
    175,
    175,
    175,
    175,
    175,
    175,
    175,
    175,
    175,
    175,
    175,
    175,
    175,
    175,
    175,
    175,
    175,
    175,
    175,
    175,
    175,
    175,
    175,
    175,
    175,
    175,
    175,
    175,
    175,
    175,
    175,
    175,
    175
]