64.1
22.233333333333334
65
-12.666666666666666
61.8
65.9
64.66666666666667
71.7
69.13333333333334
70.66666666666667
77.63333333333334
75.06666666666666
69.73333333333333
69.36666666666666
82.7
67.03333333333333
89.2
69.7
72.36666666666666
67.1
70.56666666666666
73.93333333333334
85.2
80.46666666666667
79.16666666666667
68.26666666666667
70.86666666666666
85.53333333333333
75.73333333333333
84.86666666666666
88.46666666666667
79.53333333333333
72.16666666666667
81.06666666666666
80.7
73.73333333333333
75.13333333333334
75.76666666666667
82.76666666666667
96.9
80.5
79.76666666666667
71.9
74.43333333333334
92.66666666666667
71.2
90.56666666666666
90.43333333333334
84.13333333333334
69.86666666666666
69.46666666666667
83.9
67.03333333333333
77.46666666666667
63.9
90.8
75.1
70.43333333333334
69.83333333333333
83.43333333333334
66.06666666666666
64.5
79.76666666666667
67.96666666666667
68.56666666666666
78.7
79.36666666666666
90
87.03333333333333
91.03333333333333
70.86666666666666
76.06666666666666
80.8
69.4
66.83333333333333
72.9
84.16666666666667
71.26666666666667
100.86666666666666
80.6
81.3
74.3
83.16666666666667
90.23333333333333
71.76666666666667
76
76.83333333333333
71.13333333333334
90.3
71.13333333333334
80.1
92.83333333333333
81.53333333333333
95.3
90
82.36666666666666
66.03333333333333
68.1
97.83333333333333
82.5
